3.14159265358979323846264
3383279502884197169399375105820974944592307
816406286208998628034825342117067982148086513282306647
09384460955058223172535940812848111745028410270193852110555
96446229489549303819644288109756659334461284756482337867831652
712019091456485669234603486104543266482133
936072602491412737245870066063155881748815209209628
29254091715364367892590360011330530548820466521384146951
9415116094330572703657595919530921861173819326117931051185
48074462379962749567351885752724891227938183011949129
8336733624406566430860213949463952247371907021798609
4370277053921717629317675238467481846766940513200056
812714526356082778577134275778960917363717872146844
090122495343014654958537105079227968925892354201995
61121290219608640344181598136297747713099605187072
1134999999837297804995105973173281609631859502445
9455346908302642522308253344685035261931188171010
0031378387528865875332083814206171776691473035982
5349042875546873115956286388235378759375195778185
7780532171226806613001927876611195909216420198938
0952572010654858632788659361533818279682303019520
3530185296899577362259941389124972177528347913151
5574857242454150695950829533116861727855889075098
38175463746493931925506040092770167113900984882401
285836160356370766010471018194295559619894676783744
94482553797747268471040475346462080466842590694912933136
7702898915210475216205696602405803815019351125338243003558764024
7496473263914199272604269922796782354781636009341721641219924586315030
28618297455570674983850549458858692699569092721079750930295532116534498720275
59602364806654991198818347977535663698074265425278625518184175746728909777727938000
8164706001614524919217321721477235014144197356854816136115735255213347574184946843852332
390739414333454776241686251898356948556209921922218427255025425688767179049460165346680498862
72327917860857843838279679766814541009538837863609506800642251252051173929848960841284886269456042419652
850222106611863067442786220391949450471237137869609563643719172874677646575739624138908658326459958133904780
27590099465764078951269468398352595709825822620522489407726719478268482601476990902640136394437455305068203496
2524517493996514314298091906592509372216964615157098583874105978859597729754989301617539284681382686838689427741
55991855925245953959431049972524680845987273644695848653836736222626099124608051243884390451244136549762780797715691
435997700129616089441694868555848406353422072225828488648158456028506016842739452267467678895252138522549954666727823
9864565961163548862305774564980355936345681743241125150760694794510965960940252288797108931456691368672287489405601015
0330861792868092087476091782493858900971490967598526136554978189312978482168299894872265880485756401427047755513237964
1451523746234364542858444795265867821051141354735739523113427166102135969536231442952484937187110145765403590279934403
7420073105785390621983874478084784896833214457138687519435064302184531910484810053706146806749192781911979399520614196
6342875444064374512371819217999839101591956181467514269123974894090718649423196156794520809514655022523160388193014209
37621378559566389377870830390697920773467221825625996615014215030680384477345492026054146659252014974428507325186660
02132434088190710486331734649651453905796268561005508106658796998163574736384052571459102897064140110971206280
4390397595156771577004203378699360072305587631763594218731251471205329281918261861258673215791984148488291644
706095752706957220917567116722910981690915280173506712748583222871835209353965725121083579151369882091444
21006751033467110314126711136990865851639831501970165151168517143765761835155650884909989859982387345
5283316355076479185358932261854896321329330898570642046752590709154814165498594616371802709819943
099244889575712828905923233260972997120844335732654893823911932597463667305836041428138830320
3824903758985243744170291327656180937734440307074692112019130203303801976211011004492932
1516084244485963766983895228684783123552658213144957685726243344189303968642624341077
32269780280731891544110104468232527162010526522721116603966655730925471105578537
634668206531098965269186205647693125705863566201855810072936065987648611
79104533488503461136576867532494416680396265797877185560845529654
1266540853061434443185867697514566140680070023787765913440171
274947042056223053899456131407112700040785473326993908
145466464588079727082668306343285878569830523580
893306575740679545716377525420211495576
158140025012622859413021647155097
925923099079654737612551765
675135751782966645477917450112
996148903046399471329621073404375189
57359614589019389713111790429782856475032031
98691514028708085990480109412147221317947647772622
4142548545403321571853061422881375850430633217518297986622
3717215916077166925474873898665494945011465406284336639379003976926
5672146385306736096571209180763832716641627488880078692560290228472104031
7211860820419000422966171196377921337575114959501566049631862947265473642523081
7703675159067350235072835405670403867435136222247715891504953098444893330963408780769
325993978054193414473774418426312986080998886874132604721569516239658645730216315981931951
6735381297416772947867242292465436680098067692823828068996400482435403701416314965897940924323
7896907069779422362508221688957383798623001593776471651228935786015881617557829735233446042815126
272037343146531977774160319906655418763979293344195215413418994854447345673831624993419131814809277771
0386387734317720754565453220777092120190516609628049092636019759882816133231666365286193266863360627356
763035447762803504507772355471058595487027908143562401451718062464362679456127531813407833033625423278394
49753824372058353114771199260638133467768796959703098339130771098704085913374641442822772634659470474587847
7872019277152807317679077071572134447306057007334924369311383504931631284042512192565179806941135280131470130
47816437885185290928545201165839341965621349143415956258658655705526904965209858033850722426482939728584783163
05777756068887644624824685792603953527734803048029005876075825104747091643961362676044925627420420832085661190
62545433721315359584506877246029016187667952406163425225771954291629919306455377991403734043287526288896399587
947572917464263574552540790914513571113694109119393251910760208252026187985318877058429725916778131496990090192116971737278476847268608490033770242429165130050051683233643503895170298939223345172201381280696501178440874519601212285993716231301711444846409038906449544400619869075485160263275052983491874078668088183385102283345085048608250393021332197155184306354550076682829493041377655279397517546139539846833936383047461199665385815384205685338621 8672523340 2830871123